1,17,18,27,28,29,30,31,32,33,34,35,36,37,38,39,40,41,42,43,44,45,46,47,48,49,50,59,60,61,62,63,64,65,66,71,72,73,74,75,76,77,78,253,254,255,256,257,258
2
3
4
5,13,14,15,16,51,52,53,54,55,56,57,58,79,80,81,82,83,84,85,86,87,88,89,90,91,92,93,94,243,244,245,250,251,252
6,3,4,7,8,11,12,21,22,25,26,95,96,97,98,99,100,101,102,103,104,105,106,107,108,109,110,123,124,125,126,136,138,140,142,203,204,205,206,219,220,221,222,232,234,236,238,277,278,279,284,285,286,293,294,295,296,298,313,317,318,319,320,324,325,326
7,297
8
9
10
11
12,9,19,20,23,24,111,112,113,114,127,129,131,133,143,144,145,146,147,148,149,150,159,160,161,162,163,164,165,166,175,176,177,178,179,180,181,182,195,196,197,198,211,212,213,214,224,226,228,230,263,264,265,270,271,272,287,288,289
13,67,191,193,207,209,223,225,259,261
14,343,344,345,346,347,348,349,350,351,352,353,354
15
16,355,356,357,358
17,260,262
18
19,192,194,208,210,227,229
20,68,266,268
21
22
23
24
25
26,339,340,341,342
27,327,328,329,330,331,332,333,334,335,336,337,338
28,267,269
29
30
31
32,10,115,116,117,118,128,130,132,134,290,292
33,291
34
35
36
37
38,1,2,5,6,299,300,301,302,303,304,305,306,310,311,312
39
40
41
42
43
44
45
46
47
48
49,307,308,309
50
51
52
53
54
55
56
57
58,119,120,121,122,135,137,139,141,151,152,153,154,155,156,157,158,167,168,169,170,171,172,173,174,183,184,185,186,187,188,189,190
59,199,200,201,202,215,216,217,218,231,233,235,237
60,69,70
61,273,275,280,282
62,387,388,389,390
63,375,376,377,378,379,380,381,382,383,384,385,386
64,274,276
65
66
67,371,372,373,374
68,359,360,361,362,363,364,365,366,367,368,369,370
69,281,283
70
71
72
73
74
75
76
77,321,322,323
78,314,315,316
79
80
81
82
83
84
85
86
87
88,239,241
89,240,242
90,246,248
91
92
93
94,247,249
95
96
97