1,6,43
2,15,16,17,18,19,20,21,22,23
3,9,10,11,12,13,14
4
5
6
7
8
9
10
11
12
13
14
15
16
17
18
19
20
21
22
23
24
25
26
27
28,1,2,4,5,8,35,38
29,3,24,25,26,27,28
30
31
32
33
34
35
36
37
38
39,PusherLift,29,30,31,32,33,34
40
41
42
43
44
45
46
47
48
49
50
51
52
53
54
55,36,37,39,40
56
57
58
59
60
61
62,56,57,64,66,67
63,ClampDrill,7,47,48,49,50,51,52,53,54,55
64
65
66
67
68
69
70
71,Tester,41,42,44,45,46
72
73
74
75
76
77
78
79
80
81
82
83
84
85,60,61,62,63,65,68,69,72,73,74,75
86
87
88
89
90
91
92
93,58,59,70,71
94
95
96
97