64.0
64.0
64.0
64.0
64.0
64.0
64.0
64.0
16.0
16.0
16.0
16.0
162.0
162.0
162.0
162.0
8.0
8.0
42.0
42.0
42.0
42.0
42.0
42.0
42.0
42.0
324.0
324.0
324.0
324.0
324.0
324.0
324.0
324.0
324.0
324.0
324.0
324.0
324.0
324.0
324.0
324.0
324.0
324.0
324.0
324.0
324.0
324.0
324.0
324.0
1701.0
1701.0
1701.0
1701.0
1701.0
1701.0
1701.0
1701.0
84.0
84.0
84.0
84.0
84.0
84.0
84.0
84.0
42.0
42.0
42.0
42.0
84.0
84.0
84.0
84.0
84.0
84.0
84.0
84.0
1701.0
1701.0
1701.0
1701.0
1701.0
1701.0
1701.0
1701.0
1701.0
1701.0
1701.0
1701.0
1701.0
1701.0
1701.0
1701.0
441.0
441.0
441.0
441.0
441.0
441.0
441.0
441.0
441.0
441.0
441.0
441.0
441.0
441.0
441.0
441.0
256.0
256.0
256.0
256.0
256.0
256.0
256.0
256.0
256.0
256.0
256.0
256.0
256.0
256.0
256.0
256.0
256.0
256.0
256.0
256.0
256.0
256.0
256.0
256.0
256.0
256.0
256.0
256.0
256.0
256.0
256.0
256.0
672.0
672.0
672.0
672.0
672.0
672.0
672.0
672.0
672.0
672.0
672.0
672.0
672.0
672.0
672.0
672.0
672.0
672.0
672.0
672.0
672.0
672.0
672.0
672.0
672.0
672.0
672.0
672.0
672.0
672.0
672.0
672.0
672.0
672.0
672.0
672.0
672.0
672.0
672.0
672.0
672.0
672.0
672.0
672.0
672.0
672.0
672.0
672.0
168.0
168.0
168.0
168.0
168.0
168.0
168.0
168.0
168.0
168.0
168.0
168.0
168.0
168.0
168.0
168.0
168.0
168.0
168.0
168.0
168.0
168.0
168.0
168.0
168.0
168.0
168.0
168.0
168.0
168.0
168.0
168.0
168.0
168.0
168.0
168.0
168.0
168.0
168.0
168.0
168.0
168.0
168.0
168.0
168.0
168.0
168.0
168.0
324.0
81.0
162.0
81.0
324.0
324.0
324.0
324.0
81.0
162.0
81.0
324.0
324.0
324.0
16.0
32.0
16.0
16.0
32.0
16.0
84.0
21.0
42.0
21.0
84.0
84.0
84.0
84.0
21.0
42.0
21.0
84.0
84.0
84.0
84.0
21.0
42.0
21.0
84.0
84.0
84.0
84.0
21.0
42.0
21.0
84.0
84.0
84.0
256.0
32.0
128.0
256.0
32.0
128.0
256.0
32.0
128.0
256.0
32.0
128.0
1024.0
256.0
128.0
128.0
512.0
512.0
512.0
1024.0
256.0
128.0
128.0
512.0
512.0
512.0
1024.0
256.0
128.0
128.0
512.0
512.0
512.0
1024.0
256.0
128.0
128.0
512.0
512.0
512.0
105.0
105.0
105.0
105.0
105.0
105.0
105.0
105.0
105.0
105.0
105.0
105.0
63.0
63.0
63.0
63.0
105.0
105.0
105.0
105.0
105.0
105.0
105.0
105.0
105.0
105.0
105.0
105.0
63.0
63.0
63.0
63.0
105.0
105.0
105.0
105.0
105.0
105.0
105.0
105.0
105.0
105.0
105.0
105.0
63.0
63.0
63.0
63.0
105.0
105.0
105.0
105.0
105.0
105.0
105.0
105.0
105.0
105.0
105.0
105.0
63.0
63.0
63.0
63.0
