4.0
6.0
18.0
8.0
8.0
4.0
4.0
48.0
48.0
4.0
4.0
4.0
4.0
4.0
4.0
4.0
4.0
4.0
4.0
6.0
6.0
6.0
6.0
6.0
6.0
4.0
4.0
4.0
4.0
4.0
4.0
4.0
4.0
4.0
4.0
4.0
4.0
4.0
4.0
4.0
4.0
4.0
4.0
4.0
4.0
4.0
4.0
4.0
4.0
4.0
6.0
6.0
8.0
320.0
40.0
6.0
6.0
10.0
10.0
6.0
6.0
4.0
4.0
160.0
80.0
160.0
80.0
4.0
4.0
4.0
4.0
80.0
16.0
8.0
8.0
16.0
4.0
4.0
4.0
4.0
4.0
4.0
4.0
4.0
4.0
6.0
6.0
6.0
6.0
4.0
6.0
4.0
4.0
4.0
6.0
6.0
6.0
6.0
4.0
4.0
6.0
6.0
4.0
4.0
6.0
6.0
4.0
4.0
4.0
4.0
4.0
4.0
12.0
6.0
4.0
4.0
4.0
4.0
6.0
12.0
6.0
6.0
4.0
4.0
4.0
6.0
4.0
4.0
4.0
4.0
4.0
4.0
4.0
4.0
4.0
4.0
4.0
4.0
6.0
6.0
6.0
6.0
4.0
6.0
4.0
6.0
4.0
4.0
4.0
4.0
4.0
4.0
4.0
6.0
4.0
4.0
4.0
4.0
6.0
4.0
6.0
4.0
6.0
4.0
6.0
6.0
6.0
6.0
6.0
4.0
4.0
6.0
4.0
4.0
4.0
4.0
4.0
4.0
4.0
4.0
4.0
4.0
6.0
6.0
4.0
4.0
6.0
4.0
4.0
6.0
6.0
6.0
6.0
4.0
4.0
6.0
4.0
4.0
4.0
6.0
4.0
4.0
4.0
4.0
4.0
