81.0
81.0
81.0
81.0
81.0
81.0
81.0
81.0
81.0
81.0
81.0
81.0
81.0
81.0
81.0
81.0
81.0
81.0
81.0
81.0
81.0
81.0
81.0
81.0
81.0
81.0
81.0
81.0
81.0
81.0
81.0
81.0
18.0
18.0
18.0
18.0
81.0
81.0
81.0
81.0
81.0
81.0
81.0
81.0
81.0
81.0
81.0
81.0
81.0
81.0
81.0
81.0
81.0
81.0
81.0
81.0
81.0
81.0
81.0
81.0
81.0
81.0
81.0
81.0
81.0
81.0
81.0
81.0
256.0
256.0
256.0
256.0
256.0
256.0
256.0
256.0
256.0
256.0
256.0
256.0
256.0
256.0
256.0
256.0
256.0
256.0
256.0
256.0
256.0
256.0
256.0
256.0
288.0
288.0
288.0
288.0
288.0
288.0
288.0
288.0
288.0
288.0
288.0
288.0
288.0
288.0
288.0
288.0
9216.0
9216.0
9216.0
9216.0
72.0
72.0
72.0
72.0
72.0
72.0
72.0
72.0
72.0
72.0
72.0
72.0
72.0
72.0
72.0
72.0
72.0
72.0
72.0
72.0
72.0
72.0
72.0
72.0
18.0
18.0
18.0
18.0
18.0
18.0
18.0
18.0
18.0
18.0
18.0
18.0
18.0
18.0
18.0
18.0
450.0
450.0
450.0
450.0
450.0
450.0
450.0
450.0
8192.0
8192.0
8192.0
8192.0
72.0
72.0
72.0
72.0
72.0
72.0
72.0
72.0
72.0
72.0
72.0
72.0
72.0
72.0
72.0
72.0
225.0
225.0
225.0
225.0
225.0
225.0
225.0
225.0
225.0
225.0
225.0
225.0
225.0
225.0
225.0
225.0
800.0
800.0
800.0
800.0
800.0
800.0
800.0
800.0
800.0
800.0
800.0
800.0
800.0
800.0
800.0
800.0
200.0
200.0
200.0
200.0
200.0
200.0
200.0
200.0
9.0
9.0
9.0
9.0
9.0
9.0
9.0
9.0
9.0
9.0
9.0
9.0
9.0
9.0
9.0
9.0
9.0
9.0
9.0
9.0
9.0
9.0
9.0
9.0
9.0
9.0
9.0
9.0
9.0
9.0
9.0
9.0
81.0
81.0
81.0
81.0
81.0
81.0
81.0
81.0
81.0
81.0
81.0
81.0
81.0
81.0
81.0
81.0
81.0
81.0
81.0
81.0
81.0
81.0
81.0
81.0
81.0
81.0
81.0
81.0
81.0
81.0
81.0
81.0
18.0
18.0
18.0
18.0
81.0
81.0
81.0
81.0
81.0
81.0
81.0
81.0
81.0
81.0
81.0
81.0
81.0
81.0
81.0
81.0
81.0
81.0
81.0
81.0
81.0
81.0
81.0
81.0
81.0
81.0
81.0
81.0
81.0
81.0
81.0
81.0
256.0
256.0
256.0
256.0
256.0
256.0
256.0
256.0
256.0
256.0
256.0
256.0
256.0
256.0
256.0
256.0
256.0
256.0
256.0
256.0
256.0
256.0
256.0
256.0
288.0
288.0
288.0
288.0
288.0
288.0
288.0
288.0
288.0
288.0
288.0
288.0
288.0
288.0
288.0
288.0
9216.0
9216.0
9216.0
9216.0
576.0
576.0
72.0
72.0
72.0
72.0
72.0
72.0
72.0
72.0
72.0
72.0
72.0
72.0
18.0
18.0
18.0
18.0
18.0
18.0
18.0
18.0
18.0
18.0
18.0
18.0
18.0
18.0
18.0
18.0
450.0
450.0
450.0
450.0
450.0
450.0
450.0
450.0
8192.0
8192.0
8192.0
8192.0
72.0
72.0
72.0
72.0
72.0
72.0
72.0
72.0
72.0
72.0
72.0
72.0
72.0
72.0
72.0
72.0
225.0
225.0
225.0
225.0
225.0
225.0
225.0
225.0
225.0
225.0
225.0
225.0
225.0
225.0
225.0
225.0
800.0
800.0
800.0
800.0
800.0
800.0
800.0
800.0
800.0
800.0
800.0
800.0
800.0
800.0
800.0
800.0
200.0
200.0
200.0
200.0
200.0
200.0
200.0
200.0
9.0
9.0
9.0
9.0
9.0
9.0
9.0
9.0
9.0
9.0
9.0
9.0
9.0
9.0
9.0
9.0
9.0
9.0
9.0
9.0
9.0
9.0
9.0
9.0
9.0
9.0
9.0
9.0
9.0
9.0
9.0
9.0
72.0
72.0
72.0
72.0
72.0
72.0
72.0
72.0
72.0
72.0
72.0
72.0
72.0
72.0
72.0
72.0
72.0
72.0
72.0
72.0
64.0
64.0
64.0
64.0
64.0
64.0
64.0
64.0
72.0
72.0
144.0
9.0
9.0
9.0
9.0
