1
2,1,2,3,4,5,6,7,8,9,10,11,12,13,14,15,16,25,26,27,28,29,30,31,32,35,36,37,38,39,40,41,42,43,44,145,146,147,148,157,158,189,190,193,194
3,17,18,19,20,21,22,23,24,33,34,45,46,47,48,49,50,51,52,53,54,55,56,57,58,59,60,61,62,63,64,65,66,67,68,137,138,139,140,153,154,181,182,185,186,197,198,201,202,205,206,209,210,213,214,217,218
4,69,70,71,72,73,74,75,76,77,78,79,80,113,114,115,116,117,118,119,120,121,122,123,124,161,162,165,166,167,168,169,170,171,172
5
6
7
8,93,94,95,96,97,98,99,100,109,110
9,237,238,239,240
10,241,242,243,244
11
12
13,141,142,143,144,149,150,151,152,155,156,159,160,183,184,187,188,191,192,195,196,199,200,203,204,207,208,211,212,215,216,219,220
14,101,102,103,104,105,106,107,108,111,112,125,126,127,128,129,130,131,132,133,134,135,136,173,174,175,176,177,178,179,180
15,81,82,83,84,85,86,87,88,89,90,91,92,163,164
16
17
18
19
20
21
22
23
24
25,221,222,223,224
26,225,226,227,228
27,229,230,231,232
28,233,234,235,236
29
30
31
32
33
34,245,246,247,248
35,249,250,251,252
36,253,254,255,256,257,258,259,260,261,262,263,264,265,266,267,268,277,278,279,280,281,282,283,284,287,288,289,290,291,292,293,294,295,296,387,388,389,390,399,400,431,432,435,436
37,269,270,271,272,273,274,275,276,285,286,297,298,299,300,301,302,303,304,305,306,307,308,309,310,311,312,313,314,315,316,317,318,319,320,379,380,381,382,395,396,423,424,427,428,439,440,443,444,447,448,451,452,455,456,459,460
38,321,322,323,324,325,326,327,328,329,330,331,332,365,366,403,404,407,408,409,410,411,412,413,414
39
40
41
42,345,346,347,348,349,350,351,352,361,362
43,479,480,481,482
44,483,484,485,486
45
46
47,383,384,385,386,391,392,393,394,397,398,401,402,425,426,429,430,433,434,437,438,441,442,445,446,449,450,453,454,457,458,461,462
48,353,354,355,356,357,358,359,360,363,364,367,368,369,370,371,372,373,374,375,376,377,378,415,416,417,418,419,420,421,422
49,333,334,335,336,337,338,339,340,341,342,343,344,405,406
50
51
52
53
54
55
56
57
58
59,463,464,465,466
60,467,468,469,470
61,471,472,473,474
62,475,476,477,478
63
64
65
66
67
68,487,488,489,490
69,491,492,493,494
70,525
71,495,496,497,498,499,500,501,502,503,504,505,506,507,508,509,510,511,512,513,514,515,516,517,518,519,520,521,522,523,524
72
73
74
75
76
77
78,526,527,528,529
79
80