1
2,1,2,3,4,5,6,7,8,17,18,19,20,21,22,23,24,29,30,31,32,33,34,35,36,37,38,39,40,45,46,49,50,53,54,55,56,57,58,59,60,61,62,65,66,69,70,73,74,77,78,81,82
3
4,93,94,95,96
5,97,98,99,100
6
7,11,12,15,16,43,44,47,48,51,52,63,64,67,68,71,72,75,76,79,80,83,84
8,85,86,87,88
9,89,90,91,92
10
11
12
13
14
15,25,26,27,28
16
17,109,110,111,112
18,113,114,115,116
19
20,9,10,13,14,41,42
21,101,102,103,104
22,105,106,107,108
23
24
25
26
27,117,118,119,120,121,122,123,124,133,134,135,136,137,138,139,140,141,142,143,144,149,150,151,152,153,154,155,156,161,162,165,166,169,170,171,172,173,174,175,176,177,178,181,182,185,186,189,190,193,194,197,198
28,145,146,147,148
29,209,210,211,212
30,213,214,215,216
31
32
33,127,128,131,132,159,160,163,164,167,168,179,180,183,184,187,188,191,192,195,196,199,200
34,201,202,203,204
35,205,206,207,208
36
37
38
39
40
41
42
43,225,226,227,228
44,229,230,231,232
45,125,126,129,130,157,158
46,217,218,219,220
47,221,222,223,224
48
49
50
51
52,233,234,235,236,237,238,239,240,241,242,243,244
53
54
55
56
57,245,246,247,248
58
59