59049.0
59049.0
59049.0
59049.0
118098.0
118098.0
118098.0
118098.0
165888.0
165888.0
165888.0
165888.0
589824.0
589824.0
589824.0
589824.0
18.0
18.0
18.0
18.0
18.0
18.0
18.0
18.0
18.0
18.0
18.0
18.0
18.0
18.0
18.0
18.0
450.0
450.0
450.0
450.0
450.0
450.0
450.0
450.0
663552.0
663552.0
663552.0
663552.0
225.0
225.0
225.0
225.0
225.0
225.0
225.0
225.0
225.0
225.0
225.0
225.0
225.0
225.0
225.0
225.0
800.0
800.0
800.0
800.0
800.0
800.0
800.0
800.0
800.0
800.0
800.0
800.0
800.0
800.0
800.0
800.0
200.0
200.0
200.0
200.0
200.0
200.0
200.0
200.0
9.0
9.0
9.0
9.0
9.0
9.0
9.0
9.0
9.0
9.0
9.0
9.0
9.0
9.0
9.0
9.0
9.0
9.0
9.0
9.0
9.0
9.0
9.0
9.0
9.0
9.0
9.0
9.0
9.0
9.0
9.0
9.0
59049.0
59049.0
59049.0
59049.0
118098.0
118098.0
118098.0
118098.0
165888.0
165888.0
165888.0
165888.0
589824.0
589824.0
589824.0
589824.0
18.0
18.0
18.0
18.0
18.0
18.0
18.0
18.0
18.0
18.0
18.0
18.0
18.0
18.0
18.0
18.0
450.0
450.0
450.0
450.0
450.0
450.0
450.0
450.0
663552.0
663552.0
663552.0
663552.0
225.0
225.0
225.0
225.0
225.0
225.0
225.0
225.0
225.0
225.0
225.0
225.0
225.0
225.0
225.0
225.0
800.0
800.0
800.0
800.0
800.0
800.0
800.0
800.0
800.0
800.0
800.0
800.0
800.0
800.0
800.0
800.0
200.0
200.0
200.0
200.0
200.0
200.0
200.0
200.0
9.0
9.0
9.0
9.0
9.0
9.0
9.0
9.0
9.0
9.0
9.0
9.0
9.0
9.0
9.0
9.0
9.0
9.0
9.0
9.0
9.0
9.0
9.0
9.0
9.0
9.0
9.0
9.0
9.0
9.0
9.0
9.0
36864.0
576.0
576.0
576.0
576.0
64.0
64.0
64.0
64.0
72.0
72.0
144.0
9.0
9.0
9.0
9.0
