64.0
64.0
64.0
64.0
64.0
64.0
64.0
64.0
16.0
16.0
16.0
16.0
162.0
162.0
162.0
162.0
8.0
8.0
42.0
42.0
42.0
42.0
42.0
42.0
42.0
42.0
571536.0
571536.0
1.1573604e7
1.1573604e7
1.9421724672e10
1.9421724672e10
7.964120973312e12
7.964120973312e12
903168.0
903168.0
903168.0
903168.0
3612672.0
3612672.0
3612672.0
3612672.0
1376256.0
1376256.0
1376256.0
1376256.0
324.0
162.0
324.0
324.0
324.0
324.0
162.0
324.0
324.0
324.0
16.0
32.0
16.0
16.0
32.0
16.0
336.0
168.0
84.0
336.0
168.0
84.0
336.0
168.0
84.0
336.0
168.0
84.0
256.0
512.0
256.0
512.0
256.0
512.0
256.0
512.0
1024.0
4096.0
2048.0
2048.0
1024.0
4096.0
2048.0
2048.0
1024.0
4096.0
2048.0
2048.0
1024.0
4096.0
2048.0
2048.0
105.0
105.0
105.0
105.0
105.0
105.0
105.0
105.0
63.0
63.0
63.0
63.0
105.0
105.0
105.0
105.0
105.0
105.0
105.0
105.0
63.0
63.0
63.0
63.0
105.0
105.0
105.0
105.0
105.0
105.0
105.0
105.0
63.0
63.0
63.0
63.0
105.0
105.0
105.0
105.0
105.0
105.0
105.0
105.0
63.0
63.0
63.0
63.0
